01011912921250459
01011931714330050
01011996332990347
01041911982100287
01061973622790272
01081951908770472
01081997633930284
01091918143260229
01091945136740479
01101946190010266
01101950242570464
01121996413720057
01141995486510148
01161930124470422
01171915382670121
01171939279950142
01181914446190189
01181939893620294
01181942520420134
01201935740370185
01241931354380018
01271945495260070
01281917602160154
02011917821610357
02011931486800373
02011941575250127
02021975288490220
02051944621560214
02061963982040447
02061985669930217
02071966208800103
02101959718050421
02101988837110416
02111926286390259
02141925657760397
02141931220810315
02141942487880038
02141947322320418
02141953625960192
02141985335230307
02161969800890442
02171953343110089
02201964651880197
02211957325700104
02211994144250454
02221918801150424
02221921170710047
02221928969210110
02231964212230310
02241954140790040
02241963569640460
02251947759730166
02271930253200226
02271981822130210
02291993709180445
03011920757890345
03021953783040264
03021966780420367
03061922533130228
03071953599190399
03081947638570330
03081951953440099
03081975531010275
03091913913790352
03091934322760324
03091984684240276
03091994213820404
03101932231330496
03101985294880493
03111983609010130
03121915932650037
03121989659180153
03121994610880378
03131970513710289
03141971887220396
03161962111800005
03171966514530058
03181911736340006
03181916790890260
03211977277270312
03221928826180199
03221943168680488
03221955230910112
03231952813090301
03271990286920053
03281979269640205
03291912229390482
03291977982580001
04011959108980313
04031936965790094
04061934249690063
04061971483490292
04061974238320371
04061988337760041
04061994318850333
04091985657610334
04091990754360200
04091995296210182
04121916694860021
04141959627110008
04141984284810393
04151928179710449
04161938571120180
04161959194130388
04181920350750403
04191944767760419
04201950188780440
04201962470290115
04211984246360410
04221922397000080
04231921599450377
04251920650830052
04251954437640332
04261917358500473
04261945293390273
04271944725310395
04271952961800443
04291961940480020
05011935692840204
05011974881050102
05021983877370380
05041982292410392
05051925427680078
05081976729380409
05091965671280384
05131939449510000
05131950705360239
05141913966930253
05151966844520499
05191987328450169
05201966418280323
05211921603070385
05211938424110181
05211940468620303
05251945913990015
05251952810620341
05251992249260285
05251995618200170
05261913998450342
05261948910770145
05271924826770257
05271930627850322
06011919336420077
06011938815270477
06041997543650230
06051952734180278
06061912433910091
06061922185080111
06071947780750389
06071955738580456
06081983268770150
06091968553650009
06111979903390448
06121920974290281
06121953694920280
06131933111470390
06131954155570168
06141942729920441
06151928643990370
06171955723750306
06181918469740092
06191951229120435
06211915317130254
06211921547270159
06211931302500437
06231928923950288
06241959940470458
06241972922550042
06251928833300247
06251946587480156
06251984219920408
06261912645410186
06261961668720274
06281923832650187
06281995851160234
06291921244770232
06291934231830290
07011930950310270
07031963123010335
07061912422030387
07091914768240245
07091929629660249
07131940451310202
07131961557950431
07141929671540365
07141940337070462
07141942212640174
07161993494520277
07191984607580311
07191995168790164
07211984545780336
07221913198470173
07221934945230363
07221981288560004
07231978338750492
07281940629410165
07291931502600022
08011919467110096
08041929855080083
08041980555780461
08051923678770321
08051938983140300
08071965904880188
08081933120100485
08091956160870436
08101930688510236
08111940950400402
08111987888240240
08121968437930066
08151918589050019
08151966250060359
08171919918360073
08191927102490293
08191937707970051
08191958529280434
08201914185750007
08201929126940035
08201936998910327
08201945656590113
08221915567310116
08221925742360109
08231996953160071
08241943220330237
08261980709080368
08271911434520432
08271960684890002
08271993450700374
08291972558420161
09011972862330415
09011985530860146
09051981351810141
09061910405290122
09071974716560381
09091992640780450
09121954932930125
09121970840140097
09141969458150082
09151932647730325
09151996551430314
09161920524060413
09161967769810308
09161990906650117
09161992317530086
09171922520760372
09171954862960400
09181946352330016
09191928535410480
09191959766280222
09201911323940255
09201926999620176
09201936188890017
09221930737500279
09231988399900344
09241923502260494
09251918806960350
09261937683200305
09271918345670119
09271939499220360
09271986681540483
09281955351170075
09291994218840262
10011997854540191
10031915355040036
10031928920180135
10051937778880128
10061924497090299
10061978998290203
10091955509510132
10101978444300362
10111983637910355
10121918704070087
10131961421350451
10141916346270295
10161928571820184
10181925999920438
10201946432730221
10231942921060238
10241977683260417
10251930158150241
10261911280400027
10261935461130444
10261946828240105
10271979187680497
11011914577490439
11031946375440107
11041990326450248
11051951286900211
11101936934710358
11101966912370243
11101992812240219
11111923840660023
11131978337170118
11141940998470474
11141951833430329
11151989847990126
11171971777210167
11201958999210039
11211981328240317
11221951198660244
11251944563620054
11261979915740106
11271938623140250
11281933271770486
12021929341680207
12021949942500468
12021955872720320
12021965808660072
12031927998670463
12051916689890137
12051920638470059
12061920662750028
12081920981160101
12091936659510394
12101912538550198
12121914295860032
12141970192460079
12161910332310349
12171957455180012
12171973433290183
12211920503570316
12211975660410304
12221917611770224
12221977251110296
12251994838270286
12261922930160025
12281956439590157
13011931636720297
13011968487680319
13011976365840268
13011988916170361
13021921962230386
13031955813070491
13041940714680398
13051988800700346
13071923567500452
13091963492480328
13101932826480475
13111915669940067
13111928226730190
13131985881660231
13151980530540114
13161929950060457
13161966657130425
13211970507830423
13231948895340138
13231973703370124
13251911757380011
13261935483340108
13281970959110348
13291938103890309
14021992490660411
14041985430790453
14061931844270353
14081951764260090
14091925895380233
14091949576040195
14091950915470401
14091996775450034
14111932209040209
14141961171000223
14151935341520033
14151962521140283
14151971613130471
14161915541520263
14161931137650376
14171926240570340
14171942515740215
14181918331800246
14181924375940227
14181972514470356
14191911783640430
14191953937560163
14211920584840489
14221915523340235
14231983782180172
14241941684000379
14241945920170055
14281943131880158
14281957538440043
14281958900050029
14281963915770123
15011972225220085
15031965900830267
15031974462960251
15041951838700024
15041992474460271
15051927120810375
15051945722750383
15071910422600177
15071938465210487
15071942333390149
15071972512380412
15081920809150095
15111985666250081
15121940971210391
15131992679680218
15141940475090068
15151942488440470
15151947173410140
15151963242810143
15161956536190093
15161958650550044
15181947451730160
15191951262920364
15201934564420302
15201976806000131
15211940907910366
15221959865190213
15221964535810261
15241956891360152
15251930132380206
15281939820440256
15281942637590136
16011979411420426
16031922762230495
16051935611150065
16071924858630056
16081934869970476
16081941814400258
16081975304050155
16091950833200282
16101926741090455
16131955780480490
16141991435920414
16151985967150269
16161918284190003
16161951197750484
16181926607600049
16181958608900060
16191997992880338
16201969778360194
16211928702910420
16221913520870405
16231918196710151
16241932635640216
16251957140430030
16261953839170433
16281978971920427
16291925158240129
17011958892640225
17041919492150069
17041931604290175
17061933415510429
17061947665940481
17061986224830407
17071926315840162
17081942221250242
17081993264520196
17121949658790144
17121956235500098
17121993101100010
17131917133090026
17131981342450343
17161938449140467
17171917579510337
17181972627970466
17191926920610048
17191927556260446
17191965988830084
17201980840500469
17211959538460046
17221951221640100
17231975944330178
17241923950610331
17241980876140076
17271952972410147
17271979317040291
17291912199650339
17291996336090061
18011935229840298
18021964937190120
18041971151880074
18051929592500406
18071963438720201
18101915101340208
18101965370840193
18101980813620031
18111915793650265
18111944894440062
18111986183200498
18121991150230318
18141990612510351
18151915383410428
18161995623380252
18171933425880139
18181919416290171
18181942243070014
18191944875110465
18191958434170179
18211983519410478
18221967870530045
18221970882200354
18221976160080212
18231978842270133
18241939261360369
18251952407480064
18261981649980013
18271935556530382
18281917204450326
18291978383580088
