310402630400
310718080297
310807690442
310977100390
311021480440
311359680476
311485090409
311507260318
312018870396
312194630358
312202720340
312280660347
313582260302
314020480252
314261930427
314385750369
314936060311
315249630493
315249830332
315318080415
315437850359
315535600486
316411680381
316575690379
316693440345
317112180360
317129100385
317234590394
317430770445
318224250366
318461430447
318473450495
319500270273
319546130432
319733290346
320030990462
320431910433
320531010487
320886850331
321199440313
321329370254
323419630300
323615920387
323936160428
324047500274
325979290289
326344770350
327042520449
327117790304
327435870417
328001360312
328196010382
329989440264
330252910317
330302720454
330610040338
330789270460
330832910253
331043070329
331473980411
331595630343
331680840356
331763910348
332700740250
333998110461
334363800397
334549320361
335133920468
335144140257
335421520418
336207900464
336454830269
336480840403
336533860434
338146420479
338396120315
338458610255
338510240444
338627750279
339045550471
339177860429
339466520497
339482480480
339630140316
339684110482
339744140413
339907100367
340124140285
340309960299
340569210485
340587570384
341333590389
341725310328
341741500357
341832200421
341948190466
342259330258
342277740419
343001070294
343769180262
343963630342
344159170368
344919940278
344931450424
345170310469
345795980458
346224820380
346761110452
346859410450
347238060303
347493930327
347701270498
347820520481
348387230457
348488480465
348555720474
348573030293
348847890266
349528890373
349708800455
350448670320
351050140489
351060400308
351214230374
351562630391
352052070443
352261790268
352269000282
352289140416
352461220309
352976810422
353137720298
354012520349
354069490414
354102240490
354570940363
355020970451
355328980275
355433580456
356021100330
356193120281
356283600395
356530290272
356690150448
356999790265
357131010446
357505360406
357681540459
357771410324
357903230326
357909850475
358706790463
359663510344
360139200321
360760680438
361326450337
361649650307
362012220375
362529850439
362569000473
362797020362
363024970393
363300800288
363603070407
364274730267
364445610352
365355850263
365765590478
365772440477
365775270491
365823640353
365988380259
366195090283
366571990256
366781270260
367258570290
367848080483
368851840420
369213600470
369863070376
370005700425
370857430295
371375220276
372016070398
372184290277
372493000404
372594970323
372726520386
373159680322
374978430270
375918820435
376187570351
377785860333
378669490492
378841870410
378951400292
379260980494
379302340405
379452210306
379496740467
380659190431
382263220412
383075720378
383211430365
383327760291
383641150319
383780290280
383848220484
384047100370
384262500336
384718370284
385405480310
385534450339
385796120261
386192320364
386234860388
386541230377
386688400325
386942000372
386997600453
387042690286
387389730402
388170330488
388830640499
388833170305
388917030408
389055930401
389378920496
389817130399
390422700301
390475260314
390977910392
391726830354
392169830423
392265830251
393354890341
393709030287
394272140334
394290040436
394343010296
395919540441
396364320355
397337230430
397651540426
397721520383
398239440335
398514600472
398765940271
399597820371
399792080437
810412310528
810890910501
811555850600
811699650648
811796530674
811938880553
812251000590
812572140676
813812250612
813827120661
813926440611
813929980540
815130700581
815248520665
815399360505
815844500537
815949670500
816018050654
817170260546
818719010634
819129020558
819231130650
819391450748
819670670589
819671510724
819777730621
820574670533
820679660567
821524350728
822112840718
822436010647
823079840548
823834710595
824734400666
825334490585
825997860749
826136560534
827040980530
828221900617
828367730713
828406370637
828529260544
829189790591
829268590736
829726890711
830271090566
831073490651
831380570680
831381910605
831542970703
832030980561
832040830555
832142090681
832238620631
832309740704
832759500576
832928240700
833002260693
833106810541
833643710573
833645410656
833690880737
833829920616
834585860695
834942030625
835280400615
835636300503
836218790598
837676110738
837855930675
838580590580
838727230682
839570760594
839579530563
840126620602
840310920708
840413090627
840778480569
841442100551
841926950521
842818750518
842979210579
843490160645
843985450729
844459330527
844556530624
844672880655
844816500671
845001720735
845069450523
845487430720
845576430683
845612700539
846280940640
846857890529
847103320632
847334500538
847542950694
848672330740
848913730609
849790990653
850635530673
850789430596
851246910701
851911920734
852426510721
852505090519
853080630603
853597100652
853623180526
853769050520
854005230554
854637000509
855613570545
855699730658
855725210741
855808150686
856187600565
856367780574
856877760586
857169590514
857252590702
857507430564
857685240628
857929850524
858150470630
858518140515
858535140690
858705020549
858766150672
859224770557
860593730597
861561640560
861782540669
861902430687
861925440689
862359740584
863430750552
863510960678
863527180633
864110120657
864186870583
864545840614
864597810712
865076590532
865122550670
865458750739
865883410639
866232870536
866636180513
866936650506
867060250746
867060740562
867201770719
867700990606
868244440531
868484730662
868877320731
869086500593
869201410733
869714360677
870266870638
870626040732
871265210710
871389110745
871528610588
873329770679
873562920696
873701730587
874112030559
874136330709
874672760692
874673870697
874704530716
875261260730
875399990660
875787690714
876015680599
876174170642
876264180508
876388130522
876733070570
876912420742
877617790578
877730800601
877820450707
878590520705
878679120607
878931570699
879027350572
879307570556
879570720517
880133880571
880905470535
881361090547
881900610723
882016660726
882174530577
882191120604
882407950747
883063710510
883089170715
884440380608
884507580507
885081320592
885437640727
885466360684
886191800722
886333880636
886657750512
886671220659
887084830667
887496890504
887528840698
888036450502
889219370550
889667950691
889724550663
890050270623
890592320644
891036530668
891454640717
891475220575
891698760635
891869950629
892772560610
893601320620
894108070525
894431200743
894589880542
894766310618
894774510664
894928000643
895272630649
895779250688
896545670511
896815340619
896841290646
896851110744
896873410626
897134050725
897271880568
897574580613
897961840543
898189440622
898496340641
898699270685
899320990582
899536460706
899585810516
910756420009
911273550087
911559880168
911718020200
911793140034
912214710107
912377630174
913002260082
913047210074
913097160144
913098820115
913475640185
913499320183
913842200193
913929100157
914926970008
915183630080
915517340235
915767490134
915945480033
916398660151
917478360124
917752670195
918242990030
918305440227
918740510242
919358280096
919603500224
919840610046
920703190019
921744510116
921879720101
922329860075
922532830092
923569710187
923602430219
923666250172
923776190085
924223530079
924551490125
924755700245
924790030037
925157250084
925178640217
925731130047
926105280221
926176530131
926178180104
926305470143
926342790031
927160880167
927228550004
927695510093
928135450164
928175460126
929132450021
929439640246
929449780042
930263590191
930297470089
930325740188
930519020176
930797120113
930857750051
931152380038
931160840012
932224820041
932299900066
932748150068
932956560231
933067140048
934053550178
934136170236
934247720088
934542590237
935042450169
935053670248
935339910241
935433730044
935530870210
935614730129
936309310199
936335820137
936494610072
936608670161
937022350205
937569550208
937982820049
938951180005
939309710148
939494810220
940141020160
941273570244
942035700091
942445720190
942735000155
943309050139
943328990028
944502270063
945612740023
945751150000
946784150073
946881670043
947251070120
947688740035
947804590234
947811450222
948285260090
948382690099
948604160209
948907910216
949842600114
950074690083
950355920094
950444470098
950566970186
951244360147
951260020001
951792150243
952070910206
952935360055
953597000119
954559840058
954657650230
955341930017
956864020197
957309320123
957396160154
957791030132
957909570150
958265320118
958365350102
959018700179
959579300135
959612550158
959930020166
960081180054
960309690146
960445330142
960853030225
960872930140
961158230121
961284620136
961338600020
961421420247
961527140010
961569320071
961882290100
962749930108
962753820249
963059740060
963214630011
963256750056
963927890003
964019320173
964039560181
964228390175
964332860081
964673430228
964675390141
965462090207
965646810153
966161860106
966239910077
966519090203
967230520086
967265210069
967387600045
967505810013
968072450014
968353220061
968670930218
970320000052
970483620127
971410020170
971426640202
971764510159
971935850133
972109050076
972386600018
972604210006
973074150223
973484220032
973838780177
973937890171
973948050039
974515010062
975498550130
975507230122
975691920192
976157010059
976177510026
976922160105
977105700110
977853370057
978431720149
978481150078
978826230007
979002440067
979389470103
979556950111
979576370138
979614430211
980081650097
980148540036
980518040233
980895980213
980995140180
981057130016
981496820152
982054950212
982248340050
983223530163
983732600238
984329410015
984466920226
984529440162
985169740070
985337150024
985438080022
986232720239
987399900065
988458940112
988488430128
988713030189
988781820204
988817080182
989233050229
989727090064
989954640145
990066220095
990888290184
991716380029
992102990109
992328100165
992657460196
992944650232
993278050053
993832960002
994167820040
994262160214
994409570117
994841480215
995082810025
995109710194
995294390198
996483970027
996844120240
996866130201
997137130156
